0000111000
0001101100
0011000110
0110000011
0111111111
0110000011
0110000011
00000000
00000000
00000000
01111111
00000000
00000000
00000000
0111111110
0110000011
0110000011
0111111110
0110000011
0110000011
0111111110
00000000
00000000
00000000
01111111
00000000
00000000
00000000
001111110
011000011
011000000
011000000
011000000
011000011
001111110
00000000
00000000
00000000
01111111
00000000
00000000
00000000
0111111110
0110000011
0110000011
0110000011
0110000011
0110000011
0111111110
00000000
00000000
00000000
01111111
00000000
00000000
00000000
011111111
011000000
011000000
011111100
011000000
011000000
011111111
00000000
00000000
00000000
01111111
00000000
00000000
00000000
011111111
011000000
011000000
011111100
011000000
011000000
011000000
00000000
00000000
00000000
01111111
00000000
00000000
00000000
0011111100
0110000110
0110000000
0110001111
0110000110
0110000110
0011111100
00000000
00000000
00000000
01111111
00000000
00000000
00000000
0110000011
0110000011
0110000011
0111111111
0110000011
0110000011
0110000011
00000000
00000000
00000000
01111111
00000000
00000000
00000000
01111
00110
00110
00110
00110
00110
01111
00000000
00000000
00000000
01111111
00000000
00000000
00000000
000000011
000000011
000000011
000000011
011000011
011000011
001111110
00000000
00000000
00000000
01111111
00000000
00000000
00000000
011000011
011000110
011001100
011111000
011001100
011000110
011000011
00000000
00000000
00000000
01111111
00000000
00000000
00000000
011000000
011000000
011000000
011000000
011000000
011000000
011111111
00000000
00000000
00000000
01111111
00000000
00000000
00000000
0110000011
0111000111
0111101111
0110111011
0110000011
0110000011
0110000011
00000000
00000000
00000000
01111111
00000000
00000000
00000000
011000011
011100011
011110011
011011011
011001111
011000111
011000011
00000000
00000000
00000000
01111111
00000000
00000000
00000000
0011111110
0110000011
0110000011
0110000011
0110000011
0110000011
0011111110
00000000
00000000
00000000
01111111
00000000
00000000
00000000
0111111110
0110000011
0110000011
0111111110
0110000000
0110000000
0110000000
00000000
00000000
00000000
01111111
00000000
00000000
00000000
0011111110
0110000011
0110000011
0110000011
0110011011
0110000110
0011111011
00000000
00000000
00000000
01111111
00000000
00000000
00000000
0111111110
0110000011
0110000011
0111111110
0110001100
0110000110
0110000011
00000000
00000000
00000000
01111111
00000000
00000000
00000000
001111110
011000011
011000000
001111110
000000011
011000011
001111110
00000000
00000000
00000000
01111111
00000000
00000000
00000000
011111111
000011000
000011000
000011000
000011000
000011000
000011000
00000000
00000000
00000000
01111111
00000000
00000000
00000000
0110000011
0110000011
0110000011
0110000011
0110000011
0110000011
0011111110
00000000
00000000
00000000
01111111
00000000
00000000
00000000
0110000011
0110000011
0110000011
0110000011
0011000110
0001101100
0000111000
00000000
00000000
00000000
01111111
00000000
00000000
00000000
01100000011
01100110011
01100110011
01100110011
01100110011
01100110011
00111001110
00000000
00000000
00000000
01111111
00000000
00000000
00000000
0110000011
0011000110
0001101100
0000111000
0001101100
0011000110
0110000011
00000000
00000000
00000000
01111111
00000000
00000000
00000000
011000011
001100110
000111100
000011000
000011000
000011000
000011000
00000000
00000000
00000000
01111111
00000000
00000000
00000000
011111111
000000110
000001100
000011000
000110000
001100000
011111111
00000000
00000000
00000000
01111111
00000000
00000000
00000000   
