0001111100
0011000110
0110000011
0110000011
0110000011
0011000110
0001111100
00000000
00000000
00000000
01111111
00000000
00000000
00000000
00001100
00111100
00001100
00001100
00001100
00001100
00111111
00000000
00000000
00000000
01111111
00000000
00000000
00000000
0011111110
0110000011
0000000011
0011111110
0110000000
0110000000
0111111111
00000000
00000000
00000000
01111111
00000000
00000000
00000000
0011111110
0110000011
0000000011
0011111110
0000000011
0110000011
0011111110
00000000
00000000
00000000
01111111
00000000
00000000
00000000
0110000000
0110000110
0110000110
0110000110
0111111111
0000000110
0000000110
00000000
00000000
00000000
01111111
00000000
00000000
00000000
011111111
011000000
011000000
011111110
000000011
011000011
001111110
00000000
00000000
00000000
01111111
00000000
00000000
00000000
0011111110
0110000011
0110000000
0111111110
0110000011
0110000011
0011111110
00000000
00000000
00000000
01111111
00000000
00000000
00000000
011111111
011000011
000001100
000011000
000110000
000110000
000110000
00000000
00000000
00000000
01111111
00000000
00000000
00000000
0011111110
0110000011
0110000011
0011111110
0110000011
0110000011
0011111110
00000000
00000000
00000000
01111111
00000000
00000000
00000000
0011111110
0110000011
0110000011
0011111111
0000000011
0110000011
0011111110
